187
142
-11
-187
44
36
-83
-115
-13
-194
191
-93
-75
-173
-193
190
21
-36
-136
-41
-129
-58
-4
37
-84
-9
-128
86
-70
75
179
115
-85
194
81
-59
-176
-76
-95
169
120
119
-196
-151
164
-140
110
182
-133
-106
124
-102
-141
-79
-39
-113
130
196
-195
47
-121
-69
-122
-144
35
102
-71
20
-53
151
41
-47
150
176
15
54
55
199
18
96
-150
33
-38
16
99
116
31
141
181
0
-73
101
-27
-169
197
28
-156
-89
108
30
-25
-189
3
-64
-96
-32
-110
-127
149
12
7
-68
148
-174
185
-44
-1
66
-137
-21
105
-200
140
-109
48
-37
-45
78
-164
-104
122
113
-143
62
-157
132
-86
-8
-49
127
-26
-74
46
163
178
52
51
154
42
-33
168
6
-99
-40
39
-6
61
-181
-197
-138
50
-105
26
-17
123
-77
10
186
38
111
-180
72
97
9
-148
-111
162
65
-199
161
-134
-114
-112
77
-43
117
147
-139
-108
57
-135
25
-88
76
166
-90
-132
22
195
87
-23
-184
-142
-30
68
45
1
152
-118
91
-172
-185
-101
-20
92
146
121
-98
-178
-170
145
32
200
126
-163
80
85
-24
-119
67
134
24
-7
-66
69
-3
-177
29
-2
-191
118
-5
11
109
-153
-63
-87
107
98
165
-80
-56
-117
-165
93
-188
-192
23
-161
125
133
63
189
144
-60
-18
71
43
-160
-116
-166
158
112
-182
139
198
-125
167
170
17
-50
131
-31
74
156
-34
79
-107
-48
70
-190
-28
157
138
-54
13
193
180
192
-175
4
-124
100
27
40
-179
-52
128
174
49
159
-198
188
19
-154
-61
-67
-130
175
106
-12
-97
-29
-82
135
60
129
-158
177
-62
160
104
94
153
-147
-159
172
-92
-146
-100
-167
82
-183
-171
58
2
-51
-131
-186
-72
83
-155
-15
95
-103
-126
-78
90
14
-46
-35
-10
89
8
-57
56
173
-94
-123103
137
-152
-91
-65
136
5
-120
-14
171
88
-55
64
73
-81
114
53
-168
-145
-162
-22
183
143
-16
-19
184
59
-42
-149
84
155
34